0011010100100100	010010000110101001001000011010100100100001101010010010000110101001001000011010100100100001101010010010000000000000
0101111010000001	001010111101000000101011110100000010101111010000001010111101000000101011110100000010101111010000001010000000000000
1101011000001001	001011000001001110101100000100111010110000010011101011000001001110101100000100111010110000010011101011000000000000
0101011001100011	010011000110101011001100011010101100110001101010110011000110101011001100011010101100110001101010110011000000000000
0111101100001101	000110101111011000011010111101100001101011110110000110101111011000011010111101100001101011110110000110000000000000
1001100110001101	001100110011000110110011001100011011001100110001101100110011000110110011001100011011001100110001101100000000000000
1000010001100101	000010001100101100001000110010110000100011001011000010001100101100001000110010110000100011001011000010000000000000
0101001000010010	010000100100101001000010010010100100001001001010010000100100101001000010010010100100001001001010010000100000000000
1110001100000001	000000111100011000000011110001100000001111000110000000111100011000000011110001100000001111000110000000000000000000
1100110100001101	001110011010000110111001101000011011100110100001101110011010000110111001101000011011100110100001101110000000000000
