00010010000101010011010100100100	00001010100110101001001000001001000010101001101010010010000010010000000
11000000100010010101111010000001	00101111010000001110000001000100101011110100000011100000010001001000000
10000100100001001101011000001001	00000100110000100100001001101011000001001100001001000010011010110000000
10110001111100000101011001100011	01011000111110000010101100110001110110001111100000101011001100011100000
00000110101110010111101100001101	01011100101111011000011010000011010111001011110110000110100000110100000
01000110110111111001100110001101	01001100110001101010001101101111110011001100011010100011011011111100000
10110010110000101000010001100101	00110010110110010110000101000010001100101101100101100001010000100000000
10001001001101110101001000010010	01000100100110111010100100001001010001001001101110101001000010010100000
00000000111100111110001100000001	01111001111100011000000010000000011110011111000110000000100000000100000
00000110110101111100110100001101	01100110100001101000001101101011111001101000011010000011011010111100000
